%% Nutmeg
x1 = [611.1519, 743.3950]';
y1 = [288.6473, 374.2164]';

x2 = [304.2944, 443.0607]';
y2 = [348.6121, 334.2570]';

x = [127, 631]';
y = [476, 1109]';

cutoff_low = 12;
cutoff_high = 12; 

%% Bran
x1 = [172.4423, 230.3518]';
y1 = [89.5204, 90.7526]';

x2 = [179.8591, 241.3190]';
y2 = [97.9139, 99.1431]';

x = [81, 275]';
y = [216, 415]';

cutoff_low = 4;
cutoff_high =  2; 

%% Zebra
x1 = [98.1796, 347.4613]';
y1 = [105.8039, 195.0856]';

x2 = [205.5093, 398.8832]';
y2 = [202.3551, 256.6355]';

x = [43, 392]';
y = [72, 329]';

cutoff_low = 1;
cutoff_high =  2;

%% Mammoth
x1 = [192.2009, 686.6612]';
y1 = [655.1157, 250.8400]';

x2 = [452.1, 1674.5]';
y2 = [1325.7 555.6]';

x = [3, 842]';
y = [7, 705]';


%% Map 1
x1 = [124.9, 1421.3]';
y1 = [81.3, 653.77]';

x2 = [127.9, 1411.8]';
y2 = [56.3 626.0]';

x = [1000, 1545]';
y = [125, 887]';

cutoff_low = 2;
cutoff_high = 2; 
