%% Nutmeg
x1 = [611.1519, 743.3950]';
y1 = [288.6473, 374.2164]';

x2 = [304.2944, 443.0607]';
y2 = [348.6121, 334.2570]';

x = [127, 631]';
y = [476, 1109]';

cutoff_low = 12;
cutoff_high = 12; 

%% Bran
x1 = [172.4423, 230.3518]';
y1 = [89.5204, 90.7526]';

x2 = [179.8591, 241.3190]';
y2 = [97.9139, 99.1431]';

x = [81, 275]';
y = [216, 415]';

cutoff_low = 4;
cutoff_high =  2; 

%% Zebra
x1 = [98.1796, 347.4613]';
y1 = [105.8039, 195.0856]';

x2 = [205.5093, 398.8832]';
y2 = [202.3551, 256.6355]';

x = [43, 392]';
y = [72, 329]';

cutoff_low = 1;
cutoff_high =  2;